src/test/resources/RGE/Dpt_75_asc.asc
ncols         801
nrows         441
xllcorner     641987.50
yllcorner     6856987.50
cellsize      25.00
NODATA_value  -9999
[rows 159 to 211 of 441, columns 576 to 671 of 801]
121 121 121 122 122 122 122 122 122 122 121 120 119 117 116 115 116 116 116 116 116 116 116 116 116 116 116 116 116 115 115 114 114 114 113 113 113 112 112 111 111 110 110 109 109 108 108 107 105 104 102 101 102 104 105 107 108 109 110 110 111 112 113 113 113 113 113 114 114 114 114 114 115 115 115 115 116 116 116 116 116 116 116 116 116 116 116 116 116 116 115 115 115 116 116 116
121 121 122 122 122 122 122 122 122 122 121 120 119 117 116 115 115 116 116 116 116 116 116 116 116 116 116 116 116 115 115 114 114 114 113 113 112 112 112 111 111 110 109 108 108 107 107 105 104 102 101 101 102 103 105 107 109 110 110 111 112 113 113 113 113 113 113 114 114 114 114 115 115 115 115 115 115 116 116 116 116 116 116 116 116 116 116 116 115 115 115 115 115 116 116 116
120 121 122 122 122 122 122 121 121 121 121 120 119 118 116 115 115 116 116 116 116 116 116 116 116 116 116 115 115 115 115 114 114 113 113 113 112 112 112 111 110 109 108 107 107 106 105 103 102 101 100 101 102 103 105 107 109 110 111 111 112 113 113 113 113 113 113 114 114 114 115 115 115 115 115 115 115 115 116 116 116 116 116 116 116 116 116 115 115 115 115 115 115 115 116 115
120 121 121 122 121 121 121 121 121 121 121 120 119 118 117 116 115 115 116 116 115 115 115 116 116 115 115 115 115 115 114 114 114 113 113 112 112 112 111 111 110 109 108 107 106 105 103 101 99 99 99 100 101 103 105 107 109 111 111 112 113 113 113 113 113 113 114 114 114 115 115 115 115 115 115 115 115 115 115 116 116 116 116 116 116 116 115 115 115 115 114 114 114 115 115 114
118 120 121 121 121 121 121 121 121 121 120 120 119 118 117 116 116 115 115 116 115 115 115 115 115 115 115 115 114 114 114 114 113 113 113 112 112 111 111 110 110 108 107 106 105 104 102 99 98 97 97 98 100 102 105 108 110 111 112 112 113 113 113 113 113 113 114 114 114 115 115 115 115 115 116 116 115 115 115 116 116 116 116 116 116 115 115 115 115 114 114 114 114 114 114 114
118 119 120 120 120 121 121 121 120 120 120 119 119 118 117 117 116 115 115 116 116 115 115 115 115 114 114 114 114 114 114 113 113 113 112 112 112 111 111 110 109 108 106 105 104 103 101 98 96 96 96 98 100 102 105 108 110 111 112 113 113 113 113 113 113 114 114 114 114 115 115 115 115 116 116 116 116 116 116 116 116 116 116 116 115 115 115 115 114 114 113 113 113 113 113 113
117 118 119 119 120 120 120 120 120 120 119 119 118 118 117 117 116 116 115 116 116 115 115 115 114 114 114 114 114 113 113 113 113 112 112 112 111 111 110 109 108 106 105 104 103 101 99 97 95 95 96 98 100 103 106 108 110 112 112 113 113 113 113 114 114 114 114 114 114 115 115 115 115 116 116 116 116 116 116 116 116 116 116 116 115 115 115 114 114 113 113 113 113 113 113 113
116 117 118 118 118 119 119 119 119 119 119 118 118 117 117 116 116 116 115 115 115 115 115 114 114 114 113 113 113 113 113 113 112 112 112 111 111 110 109 108 107 105 104 102 101 99 97 95 94 95 96 98 101 104 106 109 111 112 113 113 113 113 114 114 114 114 114 114 114 115 115 115 115 115 116 116 116 116 116 116 116 115 115 115 115 115 114 113 113 112 112 113 113 113 113 113
116 116 116 117 117 118 118 119 119 118 118 118 117 117 116 116 116 116 115 115 115 114 114 114 113 113 113 113 113 113 113 112 112 112 111 111 111 110 109 107 106 104 103 101 100 98 96 95 94 94 96 98 101 103 106 109 111 112 113 113 113 114 114 114 114 114 114 114 114 114 114 115 115 115 116 116 116 116 115 115 115 115 115 115 115 114 112 111 111 111 112 112 113 113 113 113
114 115 115 115 116 117 118 118 118 118 117 117 117 116 116 116 115 115 115 115 114 113 113 113 113 113 113 113 113 113 112 112 112 111 111 111 110 109 108 107 105 103 101 100 98 96 95 94 93 94 96 98 100 103 107 109 111 112 113 113 113 114 114 114 114 114 114 114 114 114 114 114 115 115 115 115 116 116 115 115 115 115 115 114 113 112 111 110 110 111 111 112 112 112 113 113
113 113 114 114 116 116 117 117 117 117 117 117 116 116 116 115 115 115 115 114 113 111 112 112 113 113 113 113 113 112 112 112 111 111 110 110 109 109 107 106 104 102 100 98 97 95 93 92 92 94 96 98 101 104 107 110 111 112 113 113 113 114 114 114 114 114 114 114 114 114 114 114 114 115 115 115 115 115 115 115 115 115 114 112 111 110 110 110 110 111 111 111 112 112 112 113
112 112 113 114 115 115 116 116 116 116 116 116 116 116 116 115 115 115 115 114 111 108 109 111 112 113 113 113 112 112 112 111 111 111 110 109 109 108 106 105 103 101 99 97 95 94 92 91 92 93 95 98 101 105 108 111 112 113 113 113 113 114 114 114 114 114 114 114 114 114 113 113 114 114 114 115 115 115 115 115 115 114 112 110 109 109 110 110 111 111 111 111 111 111 112 112
111 112 112 113 114 114 115 115 116 116 116 116 116 116 115 115 115 115 114 114 109 105 107 110 112 112 113 112 112 112 111 111 111 110 109 109 108 107 105 104 102 100 97 96 94 92 91 91 91 93 95 98 101 105 109 111 112 113 113 113 113 114 114 114 114 114 114 114 114 114 113 113 113 114 114 114 114 114 114 114 113 110 109 108 108 109 110 111 111 111 111 111 111 111 111 111
110 111 111 112 113 113 114 115 115 115 115 116 116 115 115 115 115 115 114 113 110 106 105 108 111 112 112 112 111 111 111 111 110 109 108 107 107 105 104 102 100 98 96 94 93 91 90 91 91 93 95 98 102 106 109 111 112 113 113 113 113 114 114 114 114 114 114 114 114 114 113 113 113 113 113 113 113 113 114 113 109 107 106 106 109 110 111 111 111 111 111 111 111 110 110 111
109 110 110 111 112 112 113 114 114 115 115 115 115 115 115 115 115 114 114 113 111 106 104 107 110 111 111 111 111 111 110 109 109 108 107 106 105 103 102 101 99 96 94 93 91 90 90 91 92 94 96 100 104 108 110 112 113 113 113 113 113 114 114 114 114 114 114 114 114 114 114 113 113 113 113 113 113 113 113 110 106 104 105 108 110 111 112 112 112 111 111 111 110 110 110 110
109 109 109 110 111 112 112 113 114 114 114 115 115 114 114 114 114 113 113 112 110 106 103 106 109 110 110 110 110 110 109 108 107 106 105 104 102 101 100 98 97 95 93 92 90 90 90 91 92 94 97 101 105 109 111 112 113 113 113 113 113 114 114 114 114 114 114 114 114 113 113 113 113 113 113 113 112 112 110 106 105 105 107 110 111 111 111 111 111 111 111 111 110 110 110 110
108 108 109 109 110 111 112 112 113 114 114 114 114 114 113 113 113 112 112 111 109 105 101 103 107 109 109 109 109 108 107 106 105 104 103 102 100 99 98 96 95 93 92 91 90 89 90 91 92 95 98 102 106 110 112 113 113 113 113 113 113 113 114 114 114 114 114 114 114 113 113 113 113 113 112 111 111 109 106 106 105 107 110 111 111 111 111 111 111 111 111 110 110 109 109 109
107 108 108 109 109 110 111 112 113 113 113 113 113 113 113 112 112 111 111 110 108 104 100 101 106 107 108 108 108 107 106 105 104 102 101 100 98 97 96 94 93 92 91 90 89 89 89 91 93 95 99 103 107 110 112 113 113 113 113 113 113 113 114 114 114 114 114 114 113 113 113 113 113 112 110 109 108 106 106 106 106 109 110 110 110 110 110 110 110 110 110 110 109 108 108 108
107 107 108 108 109 110 111 111 112 112 113 113 113 112 112 111 111 111 111 110 108 104 100 100 103 105 106 106 106 106 105 104 102 101 99 98 96 95 94 93 92 91 90 89 88 88 89 90 93 96 100 105 108 111 112 113 113 113 113 113 113 113 113 113 113 113 113 113 113 113 112 112 112 110 108 106 106 106 106 107 107 108 109 109 108 108 108 108 109 109 109 109 108 107 107 107
106 107 108 108 109 109 110 111 112 112 112 112 112 112 111 111 111 110 110 110 108 103 99 99 102 103 104 104 104 104 103 102 101 99 98 97 95 93 92 91 90 89 88 87 87 88 89 90 93 97 101 106 109 111 113 113 113 113 113 113 113 113 113 113 113 113 112 112 113 112 112 112 110 107 106 105 105 106 106 107 107 107 107 107 107 107 106 107 108 108 108 108 107 107 106 106
106 106 107 107 108 109 110 110 111 111 111 111 111 111 111 110 110 110 110 109 107 103 97 97 101 102 102 103 103 102 101 100 99 98 97 95 93 92 90 89 89 88 87 86 86 87 89 91 94 98 103 107 110 112 113 113 113 113 113 113 113 113 113 113 113 112 111 111 111 111 111 109 107 105 105 105 106 106 106 106 106 106 106 106 106 106 105 106 107 107 107 107 106 106 105 105
105 106 106 107 107 108 109 110 110 110 110 110 110 110 110 110 110 109 109 108 107 102 96 95 98 100 101 101 101 100 99 98 98 97 96 94 92 91 89 88 87 86 85 85 86 87 89 92 95 99 103 107 110 112 113 113 113 113 113 113 113 113 113 113 113 112 111 110 109 110 109 107 106 105 105 106 106 106 106 106 106 105 105 105 105 105 105 105 106 106 106 106 105 105 105 105
104 105 106 106 107 108 108 109 109 109 109 109 109 109 109 109 109 108 108 107 105 100 95 95 97 98 99 99 99 98 97 96 96 95 94 92 91 89 88 87 86 85 85 85 86 87 90 93 96 100 104 107 111 113 113 114 113 113 113 113 113 113 113 113 113 112 111 110 109 108 107 106 105 105 106 106 106 106 106 106 105 105 104 104 104 104 104 105 105 105 105 105 104 104 104 105
103 104 105 106 106 107 108 108 108 108 108 108 108 108 108 108 108 108 107 106 104 99 95 94 96 97 97 97 97 96 95 95 94 93 92 91 89 88 87 86 85 85 84 84 85 87 90 93 96 100 104 108 112 113 114 113 113 113 113 113 113 113 113 113 112 112 111 109 108 107 106 105 105 105 106 106 106 106 105 105 105 104 104 104 104 104 104 104 104 104 104 104 104 104 104 104
102 103 104 106 106 107 107 107 107 107 106 106 106 107 107 107 107 107 106 105 103 98 94 93 94 95 95 95 95 94 94 93 93 92 91 89 88 87 86 85 84 84 83 84 85 88 91 94 97 100 104 108 112 113 113 113 113 113 113 113 113 113 113 113 112 112 110 109 107 106 105 105 105 106 106 106 105 105 105 105 104 104 103 103 103 103 103 103 103 103 103 103 103 103 103 104
101 103 104 105 106 106 107 107 106 106 105 105 105 105 106 106 107 106 106 105 102 97 91 90 92 93 94 94 94 93 93 92 91 91 90 88 87 86 85 84 83 83 83 84 85 89 92 95 97 101 104 108 111 112 113 113 113 113 113 113 113 113 113 113 112 111 109 107 106 105 105 105 105 105 105 105 105 105 104 104 104 103 103 103 103 102 102 102 102 102 102 102 102 102 103 103
101 102 103 104 105 106 106 106 106 106 105 105 104 104 105 106 106 106 105 104 101 96 90 89 91 92 93 93 93 92 92 91 90 89 88 87 86 85 84 83 83 82 83 85 88 91 94 96 98 101 105 108 110 112 113 113 113 113 113 112 113 112 112 112 112 111 108 106 105 105 105 105 105 105 105 105 105 104 104 103 103 103 102 102 102 102 102 102 102 102 101 101 101 101 102 102
100 102 103 103 104 105 105 106 106 105 104 103 103 103 104 104 105 105 104 103 100 95 90 90 91 91 92 92 92 91 90 89 89 88 87 86 85 84 83 82 82 82 83 86 90 93 96 97 99 102 106 109 111 112 112 113 113 112 112 112 112 112 112 112 111 110 107 106 105 105 106 106 106 105 105 105 104 104 103 103 102 102 102 102 101 101 101 101 101 101 101 101 100 100 101 101
100 101 102 103 103 104 105 106 107 105 103 102 102 102 103 103 104 104 103 102 99 93 89 89 91 91 91 92 91 90 89 88 87 87 86 85 84 83 82 81 81 82 84 88 92 95 97 99 101 103 107 110 112 112 113 113 113 112 112 112 112 112 112 111 110 109 106 106 105 106 106 106 106 106 105 105 104 104 103 102 102 101 101 101 101 101 100 100 100 100 101 100 100 100 100 100
99 100 102 102 102 103 105 106 106 103 101 101 101 101 102 102 103 103 102 100 97 91 87 87 90 91 91 91 91 89 87 86 86 86 85 84 83 82 81 81 81 82 84 89 92 95 97 99 101 104 107 110 112 113 113 113 113 112 112 112 112 112 112 111 110 109 106 105 106 106 106 106 106 106 105 105 104 104 103 102 102 101 101 101 101 100 100 100 100 100 100 99 99 99 99 99
98 100 101 102 102 102 104 105 102 100 100 100 100 100 101 101 101 102 101 100 97 89 85 85 89 90 90 90 90 88 86 85 85 85 84 83 82 81 81 80 81 82 85 88 91 95 97 100 102 105 107 110 112 113 113 113 113 113 113 112 112 112 112 111 109 106 106 106 106 106 106 106 106 106 105 105 104 104 103 102 102 101 100 100 100 100 99 99 99 99 98 98 98 98 98 98
97 98 100 101 101 100 101 100 99 99 98 98 98 99 99 100 100 101 101 100 98 88 83 84 87 90 90 90 89 88 87 86 85 84 83 82 81 80 80 80 81 83 86 88 91 94 97 100 103 105 108 110 112 113 113 113 113 113 113 112 112 112 111 110 108 106 106 106 106 106 106 106 106 105 105 105 104 104 103 102 102 101 100 100 100 99 99 98 98 98 97 97 97 97 97 97
95 97 99 99 99 99 98 98 98 97 97 97 97 98 98 98 99 100 100 100 97 87 83 83 86 88 89 89 89 88 87 86 85 84 83 81 81 80 80 80 82 85 88 90 93 95 97 100 103 105 108 110 112 113 113 113 113 113 113 112 111 111 110 109 108 106 106 107 106 106 106 106 106 106 106 105 105 104 103 102 102 101 100 100 99 98 98 97 97 97 96 96 96 96 96 96
94 96 97 97 97 97 97 97 97 96 95 96 96 97 97 97 98 99 99 99 96 88 84 83 85 87 87 87 88 87 87 86 85 83 82 81 80 80 80 80 82 85 89 92 95 97 99 101 103 106 108 110 111 112 113 113 113 113 112 111 111 110 110 109 109 108 107 107 107 107 107 106 106 106 106 105 105 104 103 102 102 101 100 99 98 97 97 97 96 96 96 95 95 95 95 95
93 94 95 95 95 96 96 96 96 95 95 95 95 95 95 95 96 97 97 97 94 88 85 83 84 84 84 85 86 86 86 85 84 82 81 80 80 79 80 81 82 85 88 91 95 98 100 102 104 106 108 110 111 111 112 112 112 111 111 110 110 110 110 110 110 109 108 108 107 107 107 107 107 106 106 106 105 104 103 102 101 100 99 98 97 97 96 96 96 95 95 95 94 93 93 93
92 93 93 94 94 95 96 96 95 94 93 93 94 94 94 94 94 95 96 95 92 88 84 82 82 82 81 81 83 83 83 83 82 81 80 80 79 79 80 81 82 84 86 89 93 97 101 102 104 107 109 109 110 110 111 110 108 107 107 109 110 110 110 111 110 110 109 109 108 108 107 107 107 107 106 106 106 104 103 101 100 100 99 98 97 96 95 95 95 94 94 93 93 92 92 92
91 91 92 93 93 94 95 96 95 93 92 92 92 93 93 93 93 93 94 93 90 87 82 81 81 81 80 77 79 80 80 81 80 80 80 79 79 80 80 81 82 83 84 88 95 98 100 102 105 107 108 108 108 107 107 106 105 106 107 109 110 111 111 111 111 110 110 109 109 108 108 108 107 107 107 106 106 105 103 101 100 99 98 97 96 96 95 94 94 93 93 93 92 91 91 90
89 90 91 92 94 95 96 97 94 91 91 91 91 91 91 91 91 92 92 91 90 86 81 80 81 80 78 78 77 77 78 78 79 79 79 79 80 80 80 81 81 82 84 89 99 101 101 103 106 106 105 104 105 105 105 105 105 107 109 110 111 111 111 111 111 110 110 109 109 108 108 108 107 107 107 106 106 105 104 102 100 99 98 97 96 95 95 94 93 92 92 92 91 90 89 89
88 88 90 92 94 96 97 97 94 90 89 89 90 90 90 90 90 91 91 90 88 85 80 80 81 78 76 77 77 77 76 77 78 79 79 79 79 80 80 81 82 82 85 91 99 101 101 101 101 101 101 101 103 104 105 107 109 110 111 111 111 111 111 111 111 110 110 109 109 109 108 108 107 107 107 106 106 106 105 103 101 99 98 97 96 95 94 93 92 91 91 91 90 89 88 88
87 88 89 93 96 97 98 96 93 89 88 88 89 89 89 88 89 89 90 88 85 82 80 80 80 76 76 77 76 77 77 76 77 78 79 79 79 79 81 83 83 84 85 92 96 96 96 97 98 99 100 101 104 106 108 110 110 111 111 111 111 111 111 111 111 110 110 110 109 109 108 108 107 107 106 106 106 106 105 103 101 99 98 97 96 95 94 93 92 90 90 89 88 87 86 86
86 87 88 93 97 98 98 96 90 86 86 87 87 88 88 87 87 87 87 86 83 80 79 79 78 76 76 76 76 76 76 76 76 76 77 78 79 81 84 85 86 86 88 92 94 95 95 97 99 100 103 105 107 109 111 111 111 111 111 111 111 111 111 111 111 110 110 110 109 109 108 107 107 106 106 106 105 105 105 103 101 99 98 97 96 95 93 92 91 90 89 88 87 85 85 85
85 86 87 91 95 97 96 93 87 84 84 85 86 86 87 86 86 85 84 83 81 79 78 78 77 75 75 76 75 75 75 75 75 75 75 76 77 82 86 87 88 88 89 92 93 95 97 100 102 105 107 109 110 112 113 112 112 111 111 111 111 111 111 111 111 111 110 110 109 109 108 107 107 106 106 105 105 105 104 102 101 99 98 97 96 94 93 91 90 89 88 87 86 85 85 84
84 84 86 87 90 94 92 88 85 83 83 83 84 85 85 85 85 84 83 81 79 78 77 77 77 75 75 75 75 74 74 74 74 74 74 75 77 85 87 88 88 88 89 90 92 97 101 104 106 109 110 112 113 114 114 113 112 111 110 111 111 111 111 111 111 111 110 110 109 109 108 107 107 106 106 105 105 104 103 102 100 99 98 97 96 94 92 91 89 88 87 86 85 85 84 84
82 83 84 85 84 85 84 83 82 81 81 81 82 83 83 84 84 83 82 81 78 77 75 76 76 75 75 75 74 74 74 73 73 74 75 75 79 85 86 85 85 85 86 89 93 98 103 106 110 112 113 114 114 115 115 114 113 111 110 110 111 111 111 111 111 111 110 110 109 109 108 107 107 106 106 105 105 104 103 102 100 99 98 97 95 94 92 90 89 87 86 86 85 84 84 83
81 82 82 82 82 81 80 80 79 79 80 80 80 81 82 82 83 83 82 81 77 76 75 74 74 75 75 75 74 74 73 73 73 74 75 76 79 81 81 81 81 83 85 89 93 99 104 108 112 113 114 115 115 115 115 114 113 111 110 110 111 111 111 111 111 111 110 110 109 109 108 107 107 106 106 106 105 104 103 102 101 99 98 97 95 94 92 91 89 87 86 85 84 83 83 82
80 80 80 80 80 79 78 78 78 78 79 79 79 80 80 81 81 81 82 82 78 74 73 73 73 73 74 74 73 73 73 73 73 74 75 76 78 79 80 80 80 82 85 88 93 99 104 107 111 113 114 115 115 115 115 114 112 111 110 110 111 111 111 111 111 111 111 110 109 109 108 108 107 107 106 106 106 105 103 102 101 99 98 97 95 94 92 91 89 87 86 85 84 83 82 81
79 79 79 78 78 78 77 77 77 78 78 78 78 79 79 80 80 80 81 81 79 75 73 72 72 72 72 73 73 73 73 73 73 74 75 76 77 78 79 80 81 82 85 88 92 97 99 103 108 111 112 113 113 113 112 111 111 110 110 110 111 112 112 112 112 111 111 110 110 109 108 108 107 107 107 106 106 105 104 102 101 100 98 97 95 94 93 91 90 88 86 85 83 82 81 80
78 78 78 77 77 77 77 77 77 77 77 78 78 78 78 78 78 79 79 79 79 76 72 71 71 71 72 72 72 73 73 73 74 74 75 76 77 78 79 80 81 83 84 87 89 91 93 98 105 107 108 109 110 110 110 110 110 110 110 110 111 112 112 112 112 111 111 110 110 109 109 108 107 107 106 106 106 105 104 103 101 100 98 97 95 94 93 91 89 87 86 84 83 82 81 80
78 77 77 77 76 76 76 76 77 77 77 77 77 77 77 77 77 77 77 78 78 76 72 71 71 71 71 72 72 72 73 74 74 75 75 76 77 78 79 80 81 82 84 85 86 88 91 95 100 102 104 106 108 109 109 109 109 109 110 110 111 112 112 112 112 112 111 110 110 109 109 108 108 107 106 106 105 105 104 103 101 100 99 97 95 94 92 91 89 87 85 84 82 81 80 80
77 77 76 76 76 76 76 76 76 76 77 77 77 77 76 76 76 76 76 76 75 74 72 71 70 70 71 71 72 72 73 74 74 75 75 76 77 78 79 80 80 82 83 84 85 87 89 93 96 99 101 104 107 108 108 108 109 109 110 110 111 112 112 112 112 112 111 110 110 109 109 108 107 107 106 105 105 104 103 102 101 100 98 97 95 94 92 90 89 87 85 83 82 81 80 80
77 76 76 76 76 76 76 76 76 76 76 76 76 76 76 76 75 75 75 75 75 74 73 71 70 70 71 71 71 72 73 73 74 75 75 76 77 77 78 79 80 81 82 83 84 86 88 90 93 96 98 102 104 105 106 108 109 109 110 110 111 111 111 111 111 111 110 110 109 109 108 108 107 106 106 105 104 104 103 102 101 100 98 97 95 94 92 91 89 87 85 83 82 81 80 80
76 76 76 75 75 75 75 75 76 76 76 76 76 76 75 75 75 74 74 74 74 73 72 71 70 70 71 71 71 72 73 73 74 74 75 76 77 77 78 78 79 80 81 83 84 86 88 89 91 93 95 98 100 102 105 107 109 109 110 110 110 110 110 110 109 109 109 109 109 108 108 107 106 105 105 104 103 103 102 101 100 99 98 97 96 94 93 91 90 87 85 83 82 81 80 80
76 76 75 75 75 75 75 75 75 75 75 75 75 75 75 75 74 74 74 74 74 73 73 71 70 70 71 71 71 72 72 73 73 74 75 76 77 77 77 78 78 79 80 82 84 85 87 88 91 93 95 97 98 101 104 107 109 109 110 110 109 109 108 107 106 106 106 107 107 107 107 106 105 104 103 103 102 101 101 100 99 98 97 96 95 94 92 91 89 87 85 83 82 81 81 80
