src/test/resources/RGE/Dpt_75_asc.asc
ncols         801
nrows         441
xllcorner     641987.50
yllcorner     6856987.50
cellsize      25.00
NODATA_value  -9999
[rows 212 to 264 of 441, columns 480 to 575 of 801]
37 38 38 38 38 38 40 41 42 42 43 43 43 44 44 44 45 45 46 46 47 47 47 48 48 49 49 50 50 51 52 52 53 53 54 54 55 56 56 57 57 58 59 60 61 63 64 65 67 69 72 73 75 77 79 82 85 87 89 92 94 95 96 96 96 95 95 95 95 94 93 92 92 91 91 90 88 87 84 83 82 82 82 82 83 83 83 82 82 81 80 80 79 78 78 77
37 37 38 38 38 38 39 40 41 42 42 42 43 43 44 44 44 45 45 46 46 47 47 48 48 48 49 49 50 51 52 52 52 53 53 54 54 55 56 56 57 58 59 60 61 63 64 66 68 70 71 72 74 76 78 82 84 87 89 91 94 95 96 96 96 96 95 95 95 95 94 93 93 92 92 91 90 88 85 82 82 82 82 83 83 84 83 83 82 81 81 80 79 79 78 77
37 37 38 38 38 38 39 40 40 41 41 42 42 43 43 44 44 45 45 45 46 46 47 47 48 48 49 49 50 50 51 51 52 52 52 53 54 54 55 56 57 58 59 60 61 62 64 66 67 69 70 71 72 74 77 81 84 87 89 91 93 95 96 96 96 96 96 96 95 95 94 94 93 93 92 92 91 89 86 82 81 82 83 84 84 84 84 83 83 82 81 81 80 79 79 78
37 37 37 38 38 38 38 39 40 40 41 41 42 42 43 43 44 44 45 45 46 46 47 47 47 48 48 49 49 50 51 51 51 51 52 52 53 54 55 56 57 57 58 59 60 62 63 65 66 68 69 70 71 73 75 79 83 86 89 91 93 94 95 96 96 96 96 96 95 95 95 94 94 93 93 92 91 90 88 83 81 84 85 85 85 85 84 84 83 82 82 81 80 79 79 78
37 37 37 38 38 38 38 38 39 40 40 41 41 42 42 43 44 44 45 45 46 46 46 47 47 47 48 48 49 49 50 50 50 51 51 52 53 54 55 55 56 57 58 59 60 61 63 64 66 67 68 69 70 71 73 77 82 86 88 90 92 93 94 95 96 96 96 96 95 95 95 94 94 93 93 92 92 91 89 85 81 85 86 86 85 85 85 84 84 83 82 81 80 80 79 78
37 37 37 37 37 38 38 38 38 39 40 40 41 41 42 43 43 44 45 45 45 46 46 46 47 47 47 48 48 49 49 49 49 50 50 51 52 53 54 55 56 57 58 58 59 60 62 64 65 67 68 68 69 70 72 76 81 85 88 89 91 92 93 94 95 96 96 95 95 95 95 94 94 94 93 92 92 91 89 86 81 85 86 86 86 85 85 85 84 83 82 81 80 79 79 78
37 37 37 37 37 37 37 38 38 38 39 40 40 41 42 42 43 43 44 45 45 45 46 46 46 46 47 47 47 48 48 48 49 49 50 51 52 53 54 55 56 57 57 58 59 60 62 63 65 66 67 67 68 70 72 75 80 84 87 88 89 90 92 93 95 96 96 95 95 95 95 94 94 94 93 93 92 91 89 85 81 84 86 86 86 86 85 85 84 83 82 81 80 79 78 77
36 37 37 37 37 37 37 37 38 38 39 39 40 41 41 42 42 43 44 44 45 45 45 45 45 46 46 46 47 47 48 48 48 49 49 50 51 52 53 54 55 56 57 58 58 60 61 63 64 65 66 67 68 69 71 74 78 82 85 87 88 89 91 92 94 95 96 96 95 95 94 94 94 94 93 93 92 90 88 84 81 82 85 85 85 85 85 85 84 83 82 81 80 78 76 76
36 37 37 37 37 37 37 37 37 38 38 39 40 40 41 41 42 43 43 44 44 44 45 45 45 45 45 46 46 47 47 48 48 48 49 50 51 52 53 54 55 56 57 57 58 59 61 62 63 64 64 65 66 68 70 72 76 80 83 85 87 88 89 91 93 95 96 96 95 95 94 94 94 94 93 93 92 91 88 82 79 80 82 84 85 85 85 84 83 82 81 80 79 77 75 74
36 36 36 37 37 37 37 37 37 37 38 39 39 40 40 41 42 42 43 43 43 44 44 44 44 45 45 45 46 46 47 47 47 48 48 49 50 51 52 53 54 55 56 57 57 58 60 61 62 62 63 64 65 66 68 70 74 78 81 83 85 86 88 90 92 94 95 95 95 95 94 94 94 94 94 93 93 91 89 82 78 78 80 83 84 85 85 84 82 81 79 79 77 75 74 73
36 36 36 36 36 36 37 37 37 37 38 38 39 39 40 40 41 42 42 43 43 43 43 44 44 44 45 45 46 46 46 46 47 47 47 48 49 50 51 52 53 55 56 56 56 57 59 60 61 61 61 62 64 65 67 69 72 75 79 81 82 84 86 88 90 92 94 95 95 95 94 94 94 94 93 93 92 92 89 84 79 77 78 82 83 83 83 82 81 78 77 76 74 72 72 72
36 36 36 36 36 36 36 37 37 37 38 38 38 39 39 40 41 41 42 42 42 43 43 43 44 44 44 45 45 45 46 46 46 46 46 47 48 49 50 52 53 54 55 55 55 56 57 59 59 60 60 61 62 64 65 67 70 73 76 78 78 79 83 87 89 91 93 94 94 94 94 94 93 93 93 93 92 91 89 86 81 77 77 80 81 80 80 79 78 75 74 73 71 69 69 70
36 36 36 36 36 36 36 36 36 37 37 37 38 38 39 40 40 41 41 42 42 42 42 43 43 44 44 44 45 45 45 45 45 45 45 46 47 48 49 51 52 53 54 54 55 55 56 57 58 59 59 60 61 62 64 66 68 71 74 75 75 75 79 84 89 90 92 93 94 94 94 93 93 92 92 92 91 89 88 87 84 79 76 76 75 73 73 74 74 72 71 69 68 67 67 68
36 36 36 36 35 35 35 35 36 36 37 37 37 38 39 39 40 40 41 41 41 42 42 42 43 43 44 44 44 44 45 45 45 45 46 46 46 47 49 50 51 52 53 54 54 55 56 57 57 58 59 60 60 62 64 65 68 70 72 73 73 73 75 79 86 89 91 92 93 93 93 93 92 92 91 90 89 87 86 85 85 81 77 74 70 68 69 71 71 70 69 68 67 66 66 67
36 35 35 35 35 35 35 35 35 36 36 37 37 38 38 39 39 40 40 40 41 41 42 42 42 43 43 43 44 44 44 45 45 46 46 46 46 47 48 50 51 52 52 53 54 55 56 56 57 58 58 59 60 62 64 66 68 69 71 72 72 72 73 76 83 88 90 91 92 92 92 92 91 90 89 88 86 84 82 81 81 81 77 74 71 69 69 68 68 68 68 67 66 65 65 66
35 35 35 35 35 35 34 34 35 35 36 36 37 37 38 38 38 39 39 40 40 41 41 42 42 42 43 43 43 44 44 44 45 45 46 46 46 47 48 49 50 51 52 53 54 55 55 56 57 57 58 59 60 61 63 66 67 69 70 71 71 71 72 75 80 87 90 91 91 91 91 90 89 88 87 85 83 81 79 77 77 77 76 73 71 70 69 67 66 67 67 66 65 65 65 65
35 35 35 35 35 35 34 34 34 35 35 36 36 37 37 38 38 38 39 39 40 40 41 41 42 42 42 43 43 43 44 44 44 45 45 46 46 47 48 49 50 51 52 53 54 54 55 56 57 57 58 59 60 61 63 65 66 68 69 70 71 71 72 74 78 85 88 90 90 89 88 88 87 85 84 82 80 77 75 74 74 74 73 72 71 70 68 66 65 66 66 66 65 65 65 64
35 35 35 35 35 35 35 34 34 34 35 35 36 36 37 37 38 38 39 39 40 40 41 41 41 42 42 42 42 43 43 44 44 45 45 46 46 47 48 49 50 51 52 53 53 54 55 56 56 57 58 59 60 61 63 64 65 66 67 68 70 71 72 73 76 81 86 88 88 87 85 84 83 82 81 79 77 75 73 72 72 72 71 71 70 69 68 66 65 65 66 66 65 65 65 64
35 35 35 35 35 35 35 35 34 34 35 35 35 36 36 37 37 38 38 39 39 40 40 41 41 41 41 42 42 42 43 43 44 44 45 46 46 47 48 49 50 51 52 52 53 54 55 55 56 57 57 58 60 61 62 63 64 64 64 66 69 70 71 72 74 78 83 84 84 82 80 80 80 79 78 76 74 72 71 70 70 70 70 69 69 68 67 67 66 65 65 65 65 65 64 64
35 35 35 35 35 35 35 35 35 35 35 35 35 36 36 37 37 38 38 39 39 40 40 40 40 41 41 41 42 42 42 43 43 44 45 45 46 47 48 49 50 51 51 52 53 53 54 55 56 56 57 58 59 60 61 62 62 61 61 64 68 69 71 72 73 75 78 79 78 76 76 76 77 76 75 73 71 70 70 69 69 69 68 68 68 67 67 67 66 66 65 65 65 64 64 64
35 35 35 35 35 35 35 35 35 35 35 35 35 36 36 37 37 38 38 39 39 39 40 40 40 40 40 40 41 42 42 43 43 44 44 45 46 47 48 49 50 50 51 52 52 53 54 54 55 55 56 57 58 59 60 61 60 60 61 64 67 68 70 71 72 73 74 75 74 73 72 73 73 73 73 71 70 69 69 68 68 67 67 67 67 67 66 66 66 66 65 65 64 64 64 63
35 35 35 35 35 35 35 35 35 35 35 35 35 36 36 37 37 38 38 38 39 39 39 39 39 39 39 40 40 41 42 42 43 43 44 45 46 47 48 49 49 50 51 51 52 53 53 54 54 55 55 56 57 58 59 59 59 59 60 62 65 67 68 69 70 72 72 73 72 71 70 70 70 71 70 70 69 69 68 68 67 67 66 66 66 66 66 66 66 65 65 64 64 63 63 63
35 35 35 35 35 35 35 35 35 35 35 35 35 36 36 36 37 37 38 38 39 39 39 39 39 39 39 39 40 40 41 42 42 43 44 45 46 47 48 48 49 50 50 51 52 52 52 53 53 54 54 55 56 57 58 58 58 59 59 60 62 64 65 67 68 69 70 71 71 70 69 68 68 69 69 69 69 68 68 67 67 66 66 66 66 65 65 65 65 65 64 64 63 63 63 63
35 35 35 35 35 35 35 35 35 35 35 35 35 35 36 36 37 37 38 38 38 39 39 39 39 39 39 39 39 39 40 41 42 43 44 45 46 47 47 48 48 49 50 50 51 51 52 52 53 53 54 55 56 57 57 57 57 58 58 59 60 61 62 64 66 67 67 68 69 68 67 67 67 68 68 68 68 68 68 67 67 66 66 65 65 65 65 65 64 64 64 63 63 63 62 62
35 35 35 35 35 35 35 35 35 35 35 35 35 35 36 36 36 37 37 38 38 38 39 39 39 39 39 39 39 39 40 40 42 43 44 45 46 46 47 48 48 49 49 50 50 50 51 51 52 52 53 54 55 56 56 56 56 57 57 58 58 59 61 62 64 64 65 65 66 66 66 66 66 67 67 67 68 68 68 67 67 67 66 65 65 65 64 64 64 64 63 63 63 62 62 62
35 35 35 35 35 35 35 35 35 35 35 35 35 35 35 36 36 37 37 38 38 38 38 38 39 39 39 39 39 39 40 40 41 42 43 44 45 46 47 47 48 48 48 49 49 49 50 51 51 52 52 53 54 55 55 55 55 56 56 57 58 58 59 61 62 62 63 64 64 64 65 65 66 66 67 67 67 68 68 67 67 67 66 66 65 64 64 64 64 63 63 63 62 62 62 61
35 35 35 35 35 35 35 35 35 35 35 35 35 35 35 36 36 37 37 37 38 38 38 38 39 39 39 39 39 39 39 40 41 42 43 44 45 46 46 47 47 47 48 48 48 48 49 50 50 51 51 52 53 53 53 53 53 54 56 57 57 58 58 59 60 61 62 63 63 64 64 65 65 66 66 67 67 67 67 67 67 67 66 66 65 64 64 64 63 63 63 62 62 62 61 61
35 35 35 35 35 35 35 35 35 35 35 35 35 35 35 36 36 37 37 37 38 38 38 38 38 39 39 39 39 39 39 40 40 41 42 43 44 45 46 46 46 47 47 47 47 48 48 49 49 50 51 51 52 52 52 52 52 53 55 56 56 57 58 59 60 61 61 62 63 64 64 65 65 66 66 66 67 67 67 67 67 66 66 65 65 64 64 63 63 63 62 62 62 62 61 61
35 35 35 35 35 35 35 35 35 35 35 35 35 35 36 36 36 37 37 37 37 38 38 38 38 39 39 39 39 39 39 39 40 41 42 43 44 45 45 46 46 46 46 46 46 47 47 48 48 49 50 51 51 51 51 51 51 52 54 55 56 56 57 58 59 60 61 62 63 64 64 65 66 66 66 66 67 67 67 67 66 66 66 65 65 64 63 63 63 62 62 62 61 61 61 61
35 35 35 35 35 35 35 35 35 35 35 35 35 35 36 36 36 37 37 37 37 38 38 38 38 39 39 39 39 39 39 39 40 40 41 42 43 44 45 45 45 45 45 45 45 45 46 47 47 48 49 50 50 50 50 50 51 52 53 54 55 55 56 57 58 60 61 62 63 64 65 65 66 66 66 66 66 66 66 66 66 66 65 65 64 64 63 63 62 62 62 61 61 61 61 61
35 35 35 35 35 35 35 35 35 35 35 35 35 35 36 36 36 36 37 37 37 38 38 38 38 39 39 39 39 39 39 39 40 40 41 42 43 43 44 44 45 45 45 45 45 45 45 46 47 48 49 49 50 50 50 51 51 52 52 53 54 55 56 57 58 59 60 61 63 64 65 65 66 66 66 66 66 66 66 66 66 65 65 64 64 63 63 62 62 62 61 61 61 60 60 60
35 35 35 35 35 35 35 35 35 35 35 35 35 35 36 36 36 37 37 37 37 38 38 38 38 39 39 39 39 39 39 39 40 40 41 41 42 43 43 44 44 44 44 44 44 45 45 45 46 47 48 49 49 50 50 51 51 52 52 53 54 55 55 57 58 59 60 61 62 63 64 65 66 66 66 66 66 66 66 66 66 65 65 64 64 63 62 62 62 61 61 61 60 60 60 60
36 35 35 35 35 35 35 35 35 35 35 35 35 36 36 36 36 37 37 37 37 38 38 38 38 38 39 39 39 39 39 39 40 40 40 41 42 42 43 43 44 44 44 44 44 44 45 45 46 47 48 48 49 50 50 51 51 52 53 54 54 55 55 56 58 59 60 61 62 63 64 65 66 66 66 66 66 66 66 66 65 65 64 64 63 63 62 62 61 61 61 60 60 60 60 60
35 35 35 35 35 35 35 35 35 35 35 35 35 36 36 36 36 37 37 37 37 37 38 38 38 38 39 39 39 39 39 39 40 40 40 41 42 42 43 43 43 44 44 44 44 45 45 45 46 47 47 48 49 50 50 51 52 53 53 54 55 55 56 57 58 59 60 61 62 63 64 65 65 66 66 66 66 66 66 66 65 65 64 63 63 62 62 61 61 61 60 60 60 60 60 60
35 35 35 35 35 35 35 35 35 35 35 35 36 36 36 36 36 37 37 37 37 37 38 38 38 38 39 39 39 39 39 39 40 40 40 41 42 42 42 43 43 44 44 44 44 45 45 46 46 47 47 48 49 50 50 51 52 53 54 55 55 56 56 57 58 59 60 61 62 63 64 64 65 66 66 66 66 66 66 65 65 64 63 63 62 62 61 61 61 60 60 60 60 60 60 60
35 35 35 35 35 35 35 35 35 35 35 36 36 36 36 36 36 37 37 37 37 37 38 38 38 38 38 39 39 39 39 39 40 40 41 41 42 42 42 43 43 43 44 44 44 45 45 46 46 47 48 48 49 50 51 51 52 53 55 55 56 56 57 57 58 59 60 61 62 63 63 64 64 65 66 66 66 66 65 65 64 63 63 62 62 62 61 61 60 60 60 59 59 59 59 59
35 35 35 35 35 35 35 35 35 35 36 36 36 36 36 36 37 37 37 37 37 37 38 38 38 38 38 39 39 39 39 39 40 40 41 41 41 42 42 43 43 43 44 44 44 45 45 46 46 47 48 49 49 50 51 52 53 54 55 56 56 57 57 57 58 58 59 60 61 62 63 63 64 65 65 65 65 65 65 64 63 63 62 62 62 61 61 60 60 60 59 59 59 59 59 59
35 35 35 35 35 35 35 35 35 36 36 36 36 36 36 37 37 37 37 37 37 37 37 38 38 38 38 39 39 39 39 39 40 40 41 41 41 42 42 43 43 43 44 44 44 45 45 46 47 47 48 49 50 50 51 52 53 54 55 56 56 57 57 57 58 58 59 60 61 62 62 63 63 64 64 64 64 64 63 63 62 62 62 61 61 61 60 60 60 59 59 59 59 59 59 59
36 35 35 35 35 35 35 35 35 36 36 36 36 36 36 37 37 37 37 37 37 37 37 38 38 38 38 38 39 39 39 39 39 40 40 41 41 42 42 43 43 43 43 44 44 45 45 46 47 47 48 49 50 50 51 52 53 54 55 55 56 57 57 57 58 58 59 60 60 61 62 62 63 63 63 63 63 62 62 62 61 61 61 61 61 60 60 60 60 59 59 59 59 58 58 59
36 36 35 35 35 35 35 35 35 35 35 36 36 36 36 36 36 37 37 37 37 37 37 37 38 38 38 38 39 39 39 39 39 40 40 41 41 42 42 43 43 43 43 44 44 45 45 46 47 47 48 49 49 50 51 52 52 53 54 55 56 56 57 57 58 58 59 59 60 61 61 62 62 62 62 62 61 61 61 61 60 60 60 60 60 60 60 60 59 59 59 59 58 58 58 58
36 36 36 35 35 35 35 35 35 35 35 36 36 36 36 36 36 36 36 37 37 37 37 37 38 38 38 38 38 39 39 39 39 40 40 41 41 42 42 43 43 43 43 44 44 44 45 46 47 47 48 49 49 50 51 51 52 53 54 55 55 56 57 57 57 58 58 59 59 60 61 61 61 61 61 60 60 60 60 60 60 60 60 60 60 60 59 59 59 59 59 58 58 58 58 58
36 36 36 35 35 35 35 35 35 35 35 35 36 36 36 36 36 36 36 36 37 37 37 37 37 38 38 38 38 39 39 39 39 40 40 41 41 42 42 43 43 43 43 44 44 44 45 46 46 47 48 49 49 50 50 51 52 53 54 54 55 56 56 57 57 57 58 58 59 60 60 60 60 60 60 60 59 59 59 59 59 59 59 59 59 59 59 59 59 59 58 58 58 58 58 58
36 36 36 35 35 35 35 35 35 35 35 35 35 35 36 35 35 36 36 36 37 37 37 37 37 37 38 38 38 38 39 39 39 40 40 41 41 42 42 42 43 43 43 43 44 44 45 45 46 47 48 49 50 50 50 51 52 53 53 54 55 55 56 56 56 57 57 58 59 59 59 60 60 59 59 59 59 59 59 59 59 59 59 59 59 59 59 59 58 58 58 58 58 57 57 57
36 36 35 35 35 35 35 35 35 35 35 35 35 35 35 35 35 36 36 36 37 37 37 37 37 37 38 38 38 38 39 39 39 40 40 41 41 42 42 42 43 43 43 43 44 44 44 45 46 47 49 50 50 51 51 51 52 53 53 54 54 55 55 55 56 56 57 57 58 58 59 59 59 59 59 59 59 59 59 59 59 59 59 59 59 59 58 58 58 58 58 58 57 57 57 57
36 35 35 35 35 35 35 35 35 35 35 35 35 35 35 35 35 36 36 36 36 37 37 37 37 37 37 38 38 38 39 39 39 40 40 41 41 42 42 42 43 43 43 43 44 44 44 45 46 47 49 50 51 51 51 51 52 52 53 53 54 54 54 55 55 56 56 57 57 58 58 58 58 59 58 58 58 58 59 59 59 59 59 58 58 58 58 58 58 58 58 57 57 57 57 57
35 35 35 35 35 35 35 35 35 35 35 35 35 35 35 35 35 35 36 36 36 36 36 36 37 37 37 37 38 38 38 39 39 40 40 41 41 42 42 42 43 43 43 43 43 44 44 45 46 47 48 50 50 51 51 51 52 52 53 53 53 54 54 54 55 55 55 56 57 57 58 58 58 58 58 58 58 58 58 58 58 58 58 58 58 58 58 58 58 57 57 57 57 57 57 57
35 35 35 35 35 35 35 35 35 35 35 35 35 35 35 35 35 35 35 36 36 36 36 36 36 37 37 37 38 38 38 39 39 39 40 40 41 41 42 42 42 43 43 43 43 44 44 45 46 47 48 49 50 50 51 51 52 52 52 53 53 53 54 54 54 54 55 55 56 57 57 57 58 58 58 58 58 58 58 58 58 58 58 58 58 58 57 57 57 57 57 57 57 57 57 57
35 35 35 35 35 35 35 35 35 35 35 35 35 35 35 35 35 35 35 35 36 36 36 36 36 37 37 37 38 38 38 39 39 39 40 40 41 41 42 42 42 43 43 43 43 44 44 45 46 47 48 48 49 50 50 50 51 52 52 52 53 53 53 53 54 54 54 55 55 56 57 57 57 57 57 57 58 58 58 58 58 58 58 57 57 57 57 57 57 57 57 57 57 57 57 57
35 35 35 35 35 35 35 35 35 35 35 35 35 35 35 35 35 35 35 35 36 36 35 36 36 36 37 37 37 38 38 38 39 39 39 40 40 41 41 42 42 43 43 43 43 44 44 45 46 47 47 48 48 49 49 50 50 51 52 52 52 53 53 53 53 54 54 54 55 55 56 56 57 57 57 57 57 57 57 57 57 57 57 57 57 57 57 57 57 57 57 57 57 57 57 56
35 35 35 35 35 35 35 35 35 35 35 35 35 35 35 35 35 35 35 35 35 36 35 36 36 36 37 37 37 38 38 38 39 39 39 39 40 41 41 42 42 42 43 43 43 44 44 45 46 46 47 48 48 48 49 49 50 50 51 51 52 52 52 53 53 53 53 54 54 55 55 56 56 56 56 57 57 57 57 57 57 57 57 57 57 57 57 57 56 56 57 56 56 56 56 56
35 35 35 35 35 35 35 35 35 35 35 35 35 35 35 35 35 35 35 35 35 35 35 36 36 36 36 37 37 38 38 38 38 39 39 39 40 40 41 41 42 42 43 43 43 44 44 45 45 46 47 47 48 48 48 49 49 50 50 51 51 51 52 52 52 53 53 54 54 54 55 55 56 56 56 56 56 56 57 57 57 57 56 56 56 56 56 56 56 56 56 56 56 56 55 55
35 35 35 35 35 35 35 35 35 35 35 35 35 35 35 35 35 35 35 35 35 35 35 35 35 36 36 37 37 38 38 38 38 39 39 39 39 40 41 41 42 42 42 43 43 43 44 44 45 45 46 47 47 48 48 49 49 49 50 50 50 51 51 52 52 52 53 53 54 54 54 55 55 55 55 56 56 56 56 56 56 56 56 56 56 56 56 56 56 56 56 56 56 55 55 55
35 35 35 35 35 35 35 35 35 35 35 35 35 35 35 35 35 35 35 35 35 35 35 35 35 36 36 37 37 37 38 38 38 39 39 39 39 39 40 41 41 42 42 43 43 43 44 44 45 45 46 47 47 48 48 48 49 49 49 49 50 50 51 51 52 52 52 53 53 54 54 54 55 55 55 55 56 56 56 56 56 56 56 56 56 56 55 55 55 55 55 55 55 55 55 55
