src/test/resources/RGE/Dpt_75_asc.asc
ncols         801
nrows         441
xllcorner     641987.50
yllcorner     6856987.50
cellsize      25.00
NODATA_value  -9999
[rows 53 to 105 of 441, columns 288 to 383 of 801]
32 31 31 31 31 31 31 31 31 31 31 32 32 32 32 32 32 32 32 32 32 33 33 33 33 34 34 35 35 36 37 37 37 38 38 38 38 38 39 39 39 40 40 41 41 42 42 43 44 45 45 45 46 46 46 46 46 46 46 46 46 46 46 46 46 46 46 46 46 47 47 47 48 48 48 49 49 49 49 50 50 50 50 50 50 50 51 51 51 50 50 50 50 50 50 51
32 32 31 31 31 31 31 31 31 31 32 32 32 32 32 32 32 32 32 32 32 33 33 33 33 34 34 35 36 36 37 37 37 38 38 38 38 39 39 39 40 40 41 41 41 42 43 43 44 45 45 46 46 46 46 46 46 46 46 47 47 47 47 47 46 46 46 47 47 47 47 48 48 49 49 49 50 50 50 50 51 51 51 51 51 51 51 51 51 51 50 50 50 51 51 51
32 32 32 32 31 31 31 31 32 32 32 32 32 32 32 32 32 32 32 32 32 33 33 33 33 34 34 35 36 36 37 37 37 38 38 38 38 39 39 39 40 40 41 41 42 42 43 43 44 45 45 45 46 46 46 46 46 46 47 47 47 47 47 47 47 47 47 47 48 48 48 48 49 49 50 50 50 50 50 50 50 51 51 52 52 52 52 52 51 51 51 51 51 51 51 51
32 32 32 32 32 32 32 32 32 32 32 32 32 32 32 32 32 32 32 32 32 33 33 33 33 34 34 35 36 36 37 37 37 37 38 38 38 39 39 39 40 40 41 41 41 42 43 43 44 45 45 45 45 45 45 45 46 46 47 47 47 47 47 48 48 48 48 48 48 48 49 49 49 50 50 50 50 50 50 50 50 51 52 52 52 52 52 52 52 51 51 51 51 51 52 52
32 32 32 32 32 32 32 32 32 32 32 32 32 32 32 32 32 32 32 32 32 33 33 33 33 34 34 35 35 36 36 36 37 37 37 38 38 38 39 39 40 40 40 40 41 42 43 44 44 45 45 45 45 45 45 46 46 47 47 47 48 48 48 48 48 48 48 48 48 49 49 49 50 50 51 51 51 51 51 51 51 51 52 52 52 52 52 52 52 52 51 51 52 52 52 52
32 32 32 32 32 32 32 32 32 32 32 32 32 32 32 32 32 32 32 32 32 33 33 33 33 33 34 35 35 35 35 36 36 37 37 38 38 38 39 39 40 40 40 41 41 42 43 44 45 45 45 45 45 46 46 46 46 47 47 47 48 48 48 48 48 49 49 49 49 49 49 50 50 51 51 51 51 51 52 52 52 52 52 53 53 53 53 52 52 52 52 51 51 51 51 51
32 32 32 32 32 32 32 32 32 32 32 32 32 32 32 32 32 32 32 32 33 33 33 33 33 33 34 34 35 35 35 35 36 36 37 37 38 38 39 39 40 40 41 41 42 43 44 44 45 45 45 45 46 46 46 47 47 47 47 48 48 48 48 49 49 49 49 49 49 50 50 50 51 51 51 52 52 52 52 52 52 53 53 53 53 53 53 53 53 52 52 51 51 51 51 51
32 32 32 33 33 33 33 33 33 32 32 32 32 32 32 32 32 32 32 33 33 33 33 33 33 34 34 34 34 34 35 35 35 36 36 37 38 38 39 40 40 41 41 42 43 43 44 45 45 46 46 46 46 46 47 47 47 47 48 48 48 48 49 49 49 49 50 50 50 50 50 50 51 51 52 52 52 52 53 53 53 53 54 54 54 54 53 53 53 52 52 51 51 51 51 51
33 33 33 33 33 33 33 33 33 33 32 32 32 32 32 32 32 33 33 33 33 33 33 33 33 34 34 34 34 34 34 35 35 35 36 36 37 38 39 40 40 41 42 42 43 44 45 45 46 46 46 46 46 46 47 47 47 47 48 48 48 48 49 49 50 50 50 50 50 50 50 51 51 51 52 52 53 53 53 54 54 54 54 54 54 54 54 54 53 53 52 52 51 51 51 51
33 33 33 33 33 33 33 33 33 33 32 32 32 32 32 32 33 33 33 33 33 33 33 33 33 34 34 34 34 34 34 34 35 35 35 36 37 38 39 40 41 41 42 42 43 44 45 45 46 46 46 46 46 47 47 47 47 47 48 48 48 49 49 49 50 50 50 50 51 51 51 51 51 52 52 53 53 53 54 54 55 55 55 55 55 55 54 54 53 53 52 52 51 51 51 51
33 33 33 33 34 34 33 33 33 33 32 32 32 32 32 33 33 33 33 33 33 33 33 33 34 34 34 34 34 34 34 34 34 35 35 36 37 38 39 40 41 41 41 42 43 44 45 45 45 46 46 46 46 47 47 47 47 47 48 48 48 49 49 49 50 50 50 51 51 51 51 51 51 52 53 53 54 54 54 55 55 55 55 55 55 55 55 54 54 53 53 52 52 52 51 51
33 33 33 34 34 34 33 33 33 33 33 33 32 32 32 33 33 33 33 33 33 33 33 34 34 34 34 34 34 34 34 34 35 35 35 36 37 38 39 40 40 40 40 41 42 43 44 44 45 45 45 46 46 46 47 47 47 47 48 48 48 48 49 49 50 50 50 50 51 51 51 51 52 53 53 54 54 55 55 55 56 56 56 56 56 55 55 54 54 53 53 53 52 52 52 52
34 34 34 34 34 34 34 33 33 33 33 33 33 33 33 33 33 33 33 34 34 34 34 34 34 34 34 34 34 34 34 35 35 35 35 36 37 38 39 39 40 40 40 41 42 43 43 44 44 44 45 45 46 46 46 46 47 47 47 48 48 48 49 49 49 50 50 50 51 51 51 52 52 53 54 54 55 55 55 55 56 56 56 56 56 55 55 55 54 54 53 53 53 53 53 53
34 34 34 34 34 34 34 34 34 34 33 33 33 33 33 33 33 33 34 34 34 34 34 34 34 34 34 35 35 35 35 35 35 35 36 36 37 37 38 38 39 40 41 41 42 42 42 43 43 43 44 44 45 45 45 46 46 47 47 48 48 48 48 49 49 49 50 50 51 51 51 52 53 53 54 55 55 56 56 56 56 56 56 56 56 55 55 55 54 54 54 54 54 53 53 53
34 34 34 34 34 34 34 34 34 34 34 34 33 33 33 33 33 33 33 34 34 34 34 34 34 35 35 35 35 35 35 35 35 35 36 36 36 37 37 38 39 40 41 41 41 41 41 42 42 42 43 43 44 44 44 45 46 46 47 47 48 48 48 48 49 49 49 50 51 51 52 52 53 54 55 55 56 56 56 56 57 56 56 56 55 55 55 55 55 54 54 54 54 54 54 54
34 34 34 34 34 34 35 35 35 35 35 34 34 33 33 33 33 33 33 34 34 34 34 35 35 35 35 35 35 35 35 36 36 36 36 36 36 36 36 37 38 39 40 40 40 40 40 41 41 42 42 42 43 43 44 45 45 46 46 47 47 47 48 48 48 49 49 50 51 51 52 53 53 54 55 56 56 57 57 57 57 57 57 56 56 55 55 55 55 55 55 55 55 55 54 54
34 34 34 34 34 35 35 35 35 35 35 35 35 34 34 34 33 33 34 34 34 35 35 35 35 35 35 35 36 36 36 36 36 36 35 35 35 36 36 37 38 39 39 40 40 39 40 40 40 41 41 42 42 43 43 44 45 45 46 46 47 47 47 48 48 49 49 50 50 51 52 53 54 54 55 56 56 57 57 57 57 57 57 57 56 56 55 55 55 55 55 55 55 55 55 54
34 34 34 35 35 35 35 35 35 35 35 35 35 35 34 34 34 34 34 34 35 35 35 35 35 35 35 36 36 36 36 36 35 35 36 36 36 36 36 37 38 38 39 39 39 39 39 39 40 40 40 41 42 42 43 44 44 45 45 46 46 46 47 47 48 49 49 50 50 51 52 53 54 55 55 56 57 57 57 58 58 57 57 57 57 56 56 56 55 55 55 56 55 55 55 55
35 35 35 35 35 35 35 35 35 36 36 35 35 35 35 35 35 35 35 35 35 35 35 35 36 36 36 36 36 36 36 36 36 36 36 36 36 36 36 37 37 38 38 38 39 39 39 39 39 40 40 41 41 42 43 43 44 44 45 45 45 46 46 47 48 49 49 50 51 51 52 53 54 55 56 56 57 57 58 58 58 58 58 57 57 57 56 56 56 56 56 56 56 55 55 55
35 35 35 35 35 35 35 36 36 36 36 35 35 35 35 35 35 36 36 35 35 35 35 35 36 36 36 36 36 36 36 36 36 36 36 36 36 36 37 37 37 38 38 38 39 39 39 39 40 40 40 40 41 42 42 43 43 44 44 45 45 46 46 47 48 49 49 50 51 52 53 54 55 56 56 57 57 58 58 58 58 58 58 58 57 57 57 57 56 56 56 57 56 56 55 55
35 35 35 35 35 35 36 36 36 35 35 35 35 35 35 36 36 36 36 36 36 36 36 35 35 36 36 36 36 36 36 36 36 36 36 36 36 37 37 37 38 38 38 38 39 39 39 40 40 40 40 41 41 42 42 43 43 44 44 45 45 46 47 47 48 49 50 50 51 52 53 54 55 56 57 57 57 58 58 58 58 58 58 58 58 58 57 57 57 57 57 57 57 56 56 56
36 36 36 36 36 36 36 36 35 35 35 35 35 35 36 36 36 36 36 36 36 36 36 36 35 36 36 36 36 36 36 36 36 36 37 37 37 37 37 38 38 38 38 39 39 39 40 40 40 40 41 41 41 42 42 43 43 44 44 45 45 46 47 47 48 49 50 51 51 52 53 54 55 55 56 57 58 58 58 59 59 59 59 59 58 58 58 58 58 58 58 58 58 57 57 57
36 36 36 36 36 36 35 35 35 35 35 35 35 36 36 36 36 36 36 36 36 36 36 36 36 36 36 35 36 36 36 37 37 37 37 37 37 37 38 38 38 38 39 39 39 40 40 40 40 41 41 41 42 42 43 43 43 44 44 45 46 46 47 48 48 49 50 51 51 52 53 54 55 55 56 57 57 58 58 59 59 59 59 59 59 59 58 58 58 58 58 58 58 58 58 58
37 36 36 36 36 35 35 35 35 35 35 35 36 36 36 36 36 36 37 37 37 36 36 36 36 36 35 35 35 36 36 37 37 37 37 38 38 38 38 38 38 39 39 39 39 40 40 41 41 41 41 42 42 43 43 43 44 44 44 45 46 47 47 48 49 49 50 51 51 52 53 54 55 55 55 56 57 58 59 59 59 60 60 60 59 59 59 59 59 59 59 59 59 59 59 59
37 37 36 36 36 35 35 35 35 35 36 36 36 36 36 36 37 37 37 37 37 37 37 36 36 36 36 36 36 36 36 37 37 38 38 38 38 38 39 39 39 39 39 39 40 40 41 41 41 42 42 42 43 43 44 44 44 45 45 45 46 47 48 49 49 50 50 50 51 52 53 55 55 55 55 56 57 58 59 60 60 60 60 60 60 60 60 59 59 59 59 60 60 60 60 60
37 37 36 36 36 35 35 35 36 36 36 36 36 36 36 37 37 37 37 37 37 37 37 37 36 36 36 36 36 36 37 37 37 38 38 38 39 39 39 39 39 39 39 40 40 41 41 41 42 42 42 43 43 44 44 45 45 45 45 46 46 47 49 50 50 50 50 51 51 52 53 54 55 56 56 56 57 58 59 60 60 60 60 60 60 61 60 60 60 60 60 60 61 61 60 60
37 37 36 36 36 35 35 36 36 36 36 36 36 36 37 37 37 37 37 37 37 37 37 37 37 37 37 36 36 37 37 37 38 38 39 39 39 39 39 39 40 40 40 40 40 41 41 42 42 43 43 44 44 44 45 45 45 46 46 46 47 48 49 50 51 51 51 51 52 53 54 55 55 56 57 57 58 59 59 60 61 60 60 61 61 61 61 61 62 61 60 61 61 61 61 61
36 37 36 36 36 36 36 36 36 36 36 36 37 37 37 37 37 37 37 37 37 37 37 37 37 37 37 37 37 37 37 38 38 38 39 39 39 40 40 40 40 40 40 41 41 41 42 42 43 43 44 44 44 45 45 46 46 46 47 47 48 49 50 50 51 51 51 52 52 53 54 55 56 57 57 58 58 59 60 61 61 61 61 61 62 62 62 63 65 62 61 61 62 62 61 61
36 36 36 37 36 36 36 36 36 36 37 37 37 37 37 37 37 37 37 37 37 37 37 37 37 37 37 37 37 37 37 38 38 39 39 39 40 40 40 40 40 41 41 41 41 42 42 43 43 44 44 44 45 45 46 46 46 47 47 48 49 50 50 51 51 52 52 53 53 54 54 55 56 57 58 59 59 59 60 61 61 62 62 62 63 63 64 65 66 64 62 62 62 63 62 62
36 36 36 37 37 37 37 37 37 37 37 37 37 37 37 37 37 37 37 37 37 37 37 37 37 37 37 37 37 38 38 38 38 39 39 40 40 40 41 41 41 41 41 42 42 43 43 44 44 44 45 45 45 45 46 46 47 47 48 49 49 50 51 52 52 53 53 54 54 55 55 56 57 58 59 60 60 60 60 61 62 62 63 64 64 65 65 66 66 65 64 64 64 64 64 64
36 36 36 37 37 37 37 37 37 37 37 37 37 37 37 37 37 37 37 37 37 37 37 37 37 37 38 38 38 38 38 38 39 39 40 40 40 41 41 41 41 42 42 42 43 43 44 44 45 45 45 45 45 46 46 47 47 48 49 49 50 51 51 52 53 53 54 55 55 56 56 57 59 60 61 61 60 60 61 61 62 63 64 65 65 66 66 66 66 66 66 65 65 65 65 65
36 36 36 37 37 37 37 37 37 37 37 37 38 38 38 38 38 38 38 38 38 38 38 38 38 38 38 38 38 38 38 39 39 39 40 40 41 41 41 41 42 42 42 43 43 44 44 45 45 46 46 46 46 46 47 47 48 49 49 50 51 51 52 53 53 54 54 55 56 57 57 58 60 61 61 61 61 61 61 62 63 64 65 66 66 67 67 67 67 67 67 67 66 66 66 66
36 36 36 37 37 37 37 37 38 38 38 38 38 38 38 38 38 38 38 38 38 38 38 38 38 38 38 38 38 38 39 39 39 39 40 40 41 41 41 42 42 43 43 44 44 44 45 46 46 46 47 47 47 47 48 48 49 49 50 51 51 52 53 54 54 55 55 56 57 57 58 59 60 61 62 62 62 62 63 63 64 65 66 66 67 67 68 68 69 69 68 68 68 67 67 67
36 36 37 37 37 37 38 38 38 38 38 38 38 38 38 38 38 38 38 38 38 38 38 38 38 38 38 38 39 39 39 39 39 40 40 40 41 41 42 42 43 43 44 44 45 45 46 46 47 47 48 48 48 49 49 49 49 50 51 51 52 53 53 54 55 55 56 57 57 58 59 60 61 62 62 63 63 63 64 64 65 65 66 67 68 68 69 70 70 70 70 69 69 69 68 68
37 37 37 37 37 38 38 38 38 38 38 38 38 38 38 38 38 38 38 38 38 38 38 38 38 38 39 39 39 39 39 39 40 40 40 40 41 41 42 43 43 44 44 45 45 46 46 47 47 48 48 49 50 50 50 50 50 50 51 52 53 53 54 55 55 56 57 57 58 58 59 60 61 62 63 64 64 64 65 66 66 66 67 68 69 69 70 71 72 71 71 70 71 70 70 70
37 37 37 38 38 38 38 38 38 38 38 38 39 39 39 39 39 39 39 38 38 38 38 38 39 39 39 39 39 39 40 40 40 40 40 41 41 42 43 43 44 44 45 46 46 47 47 48 48 49 50 50 51 51 52 52 51 51 52 53 53 54 55 55 56 56 57 58 58 59 60 61 62 63 64 65 65 65 66 67 68 68 70 70 71 71 72 72 73 73 73 73 73 73 72 73
37 38 38 38 38 38 38 39 39 39 39 39 39 39 39 39 39 39 39 39 39 39 39 39 39 39 39 39 39 40 40 40 40 40 41 41 42 42 43 44 44 45 46 46 47 47 48 49 49 50 51 51 52 52 53 53 53 53 53 53 54 55 55 56 56 57 57 58 59 60 61 61 62 63 64 65 66 66 67 68 71 74 75 75 74 75 76 76 77 76 76 77 77 77 76 77
38 38 38 38 38 38 39 39 39 39 39 39 39 39 39 39 39 39 39 39 39 39 39 39 39 39 39 39 40 40 40 40 41 41 41 42 42 43 44 44 45 46 46 47 48 48 49 50 50 51 52 53 53 53 53 53 53 54 54 54 55 55 56 56 56 57 58 59 60 61 61 62 63 64 65 66 67 67 68 70 75 81 82 81 82 83 83 83 83 82 81 82 82 82 82 81
38 38 39 39 39 39 39 39 39 39 39 39 39 39 39 39 39 39 39 39 39 39 39 39 39 39 39 40 40 40 40 41 41 41 42 42 43 44 44 45 45 46 47 48 48 49 50 51 52 53 53 54 54 54 54 54 54 54 54 55 55 56 56 56 56 57 58 59 60 61 62 63 64 64 65 67 68 69 69 72 79 85 87 87 88 89 89 89 89 88 87 86 86 86 86 84
39 39 39 39 39 39 39 39 39 39 39 39 39 39 39 39 39 39 39 39 39 39 39 39 40 40 40 40 40 40 40 41 41 42 42 43 44 45 45 46 46 47 48 49 49 50 51 52 53 54 55 55 55 55 55 55 55 55 55 55 55 56 56 56 57 57 58 59 61 61 62 63 64 65 66 68 69 70 71 74 81 87 89 90 91 92 92 92 93 92 90 89 89 89 89 88
39 39 39 39 39 39 39 39 39 39 39 39 39 39 39 39 39 39 39 39 39 39 40 40 40 40 40 40 40 40 41 41 42 42 43 44 45 45 46 46 47 48 49 49 50 51 52 53 54 55 56 56 56 56 55 55 56 56 56 56 56 56 56 56 57 57 58 59 59 61 62 63 64 66 67 69 70 72 73 77 84 88 91 92 93 95 95 95 95 94 92 91 92 93 93 92
39 39 40 40 40 39 39 39 39 39 39 39 39 39 39 39 39 39 39 39 40 40 40 40 40 40 40 40 40 40 41 41 42 43 43 44 45 46 47 47 48 49 50 50 51 52 53 54 55 56 56 57 57 57 56 56 56 56 56 56 56 56 57 57 57 57 58 58 58 60 61 63 65 67 68 70 72 74 76 79 85 90 92 94 96 98 98 98 98 97 94 94 95 96 97 95
39 39 40 40 40 39 39 39 39 39 39 40 40 40 40 40 39 39 39 40 40 40 40 40 40 40 40 40 40 41 41 42 43 43 44 45 46 46 47 48 49 49 50 51 52 53 54 54 55 56 57 57 57 57 57 57 57 57 57 58 58 57 58 58 58 58 58 58 58 58 60 63 67 68 69 71 73 75 78 82 88 92 94 98 100 101 102 102 102 101 98 97 99 100 101 100
39 39 39 39 39 39 39 39 39 40 40 40 40 40 40 40 40 40 40 40 40 40 40 40 41 41 41 41 41 41 42 43 43 44 45 45 46 47 48 48 49 50 51 52 53 54 55 55 56 56 57 58 58 58 58 58 58 58 59 59 59 59 59 59 59 59 59 59 58 59 60 65 68 69 70 72 74 77 80 85 91 95 99 101 102 103 104 104 104 105 103 101 102 104 104 103
38 38 39 39 38 38 39 39 39 40 40 40 40 40 40 40 40 40 40 40 40 40 40 41 41 41 41 41 41 42 43 44 44 45 45 46 47 48 48 49 50 50 51 52 53 54 56 56 57 57 58 58 59 59 59 59 60 60 61 61 60 60 60 61 61 61 61 61 62 62 65 67 68 70 71 73 76 79 82 88 94 100 103 104 104 104 106 106 106 106 106 104 105 107 108 107
37 37 37 37 37 37 39 40 40 40 41 41 40 40 40 40 40 40 40 40 40 40 40 41 41 41 41 42 42 43 43 45 45 46 46 47 48 48 49 50 50 50 51 52 54 55 56 57 57 58 58 59 59 60 60 61 62 63 64 63 61 61 62 62 63 63 64 64 65 66 66 66 68 71 73 75 77 81 84 88 95 102 105 106 105 106 107 108 108 107 107 108 110 110 110 110
36 36 37 38 39 39 41 41 41 41 41 41 41 41 41 41 40 40 40 40 40 40 40 41 41 42 42 43 43 43 44 45 46 47 48 48 49 49 50 50 51 51 51 52 54 55 56 57 58 58 59 60 60 60 61 62 64 66 65 64 64 64 64 64 64 65 66 66 66 66 65 66 68 71 74 76 79 82 85 88 93 100 104 107 108 109 109 109 109 109 109 113 115 115 116 114
38 39 40 40 41 41 42 42 42 41 41 41 41 41 41 41 41 41 41 41 40 40 40 40 41 42 43 44 44 44 45 46 47 48 49 49 50 50 50 51 51 52 52 53 54 55 56 57 58 59 59 60 61 61 62 63 65 66 66 66 66 66 66 66 66 67 67 67 67 66 65 66 68 71 74 77 80 83 85 87 90 94 99 104 109 115 112 112 111 111 112 116 117 119 121 119
41 42 42 42 42 42 42 42 42 42 42 42 42 42 42 41 41 41 41 41 41 41 40 40 41 43 45 45 45 45 46 47 48 49 50 50 50 50 51 51 52 52 53 53 54 55 56 57 58 59 60 60 61 61 62 63 65 67 67 67 67 67 67 67 68 68 68 68 67 67 66 66 67 71 74 77 80 83 85 87 88 91 94 98 102 106 109 110 111 111 114 118 119 121 122 120
42 43 43 43 43 43 43 43 42 42 42 42 42 42 42 42 42 42 42 42 42 42 42 41 40 42 45 46 47 47 48 48 49 50 50 50 50 51 51 51 52 53 53 54 55 55 56 57 58 59 60 60 61 62 62 63 65 66 67 67 68 68 68 68 68 69 68 68 68 67 67 66 66 70 74 77 80 82 85 86 87 89 91 93 96 100 103 106 109 112 116 120 123 123 122 121
43 43 43 44 44 44 43 43 43 42 42 42 43 43 43 43 43 42 42 42 42 42 43 42 42 41 42 46 48 48 49 49 49 50 50 50 50 51 51 52 52 53 54 54 55 56 57 58 59 59 60 60 61 62 62 63 64 66 67 67 68 68 69 69 69 69 69 68 68 68 67 66 66 68 75 78 80 82 84 85 86 87 88 90 93 96 100 104 108 111 114 119 124 123 121 121
43 43 43 44 44 44 43 43 43 43 43 43 43 43 43 43 43 43 43 43 43 43 43 44 45 44 41 43 48 49 49 50 50 50 50 50 50 51 51 52 53 53 54 55 55 56 57 58 59 59 60 61 61 62 63 64 64 65 66 67 68 68 69 69 69 69 69 69 68 68 67 67 66 67 74 79 80 82 83 83 84 85 86 88 90 91 93 97 105 109 111 114 118 119 119 120
44 44 44 44 44 44 43 43 43 43 43 43 43 44 44 44 44 43 43 43 43 43 43 45 46 47 44 41 44 48 49 49 50 50 50 50 50 51 51 52 53 54 55 55 56 56 57 58 59 60 60 61 61 62 63 64 64 65 66 67 68 68 69 69 69 68 68 68 68 68 68 67 67 68 73 77 79 80 81 82 82 83 84 86 86 87 88 90 97 105 108 110 113 115 116 119
