src/test/resources/RGE/Dpt_75_asc.asc
ncols         801
nrows         441
xllcorner     641987.50
yllcorner     6856987.50
cellsize      25.00
NODATA_value  -9999
[rows 106 to 158 of 441, columns 384 to 479 of 801]
121 123 125 126 126 126 127 126 125 124 123 120 112 103 95 89 85 83 82 80 78 77 76 74 72 70 69 67 66 65 66 67 67 68 68 69 69 69 68 67 66 65 64 63 62 62 61 60 59 58 56 53 51 51 53 54 54 54 53 53 53 52 52 52 52 52 51 50 49 49 49 48 48 49 49 49 50 50 51 51 51 51 50 50 49 49 48 48 48 48 47 48 48 49 49 50
114 118 122 123 123 124 125 124 123 122 121 117 110 102 92 84 81 80 79 77 76 76 74 73 71 69 68 66 65 65 66 67 68 69 70 71 71 70 68 67 66 65 64 63 63 62 61 60 59 58 56 53 51 52 55 55 54 54 53 53 52 52 51 51 52 52 51 51 50 49 49 49 49 49 49 50 50 50 51 51 51 51 51 50 49 48 47 47 48 48 48 49 49 49 50 50
106 110 114 117 119 120 121 121 119 118 116 113 106 95 86 79 77 76 76 75 75 74 73 72 70 68 67 66 65 65 65 67 68 70 70 70 69 69 68 67 66 66 65 64 63 62 61 60 59 57 56 53 51 52 55 55 54 54 53 52 51 51 51 51 51 51 51 51 51 50 50 50 50 50 50 50 50 51 51 51 51 51 51 50 49 47 46 46 48 50 50 50 50 50 50 51
101 104 107 109 112 114 116 116 113 109 108 107 99 88 79 74 74 73 73 74 74 73 73 71 69 67 66 65 64 64 65 66 67 68 68 68 67 67 67 67 66 66 65 64 63 62 61 60 59 57 55 53 51 51 53 54 54 53 53 52 51 51 51 51 51 51 51 51 51 50 50 51 51 51 50 50 51 51 51 51 51 51 50 50 48 46 45 46 48 51 51 50 50 51 51 51
97 100 103 103 105 106 108 109 105 102 100 98 90 81 74 72 72 72 72 73 73 73 72 71 68 66 65 64 64 63 64 64 65 66 66 65 65 65 66 66 66 65 65 64 63 62 61 60 59 57 55 53 51 51 51 53 53 53 53 52 51 51 51 51 51 51 51 51 50 50 50 51 51 51 51 51 51 51 51 51 51 50 50 50 49 47 46 46 49 51 51 51 51 51 51 51
92 93 96 98 99 99 100 100 98 95 94 90 81 75 72 72 71 71 71 72 72 72 71 70 68 66 64 63 63 63 62 63 63 63 64 64 64 64 64 64 64 64 64 64 63 62 61 60 58 57 55 52 51 50 51 53 54 53 53 52 51 51 51 51 51 51 51 51 50 50 51 51 51 51 51 51 51 51 51 51 50 50 50 50 50 49 48 49 51 51 51 51 51 51 51 52
88 89 90 91 92 93 92 91 90 88 87 84 77 72 71 71 71 71 71 71 71 71 70 69 68 66 64 63 62 62 61 61 61 62 62 63 63 63 63 62 63 63 63 62 62 61 61 59 58 56 55 52 51 51 53 54 54 54 53 53 52 52 51 51 51 51 50 51 50 50 51 51 51 51 51 51 51 51 51 51 51 51 51 51 51 51 51 51 51 51 51 51 51 52 52 52
86 87 87 86 87 88 87 84 83 82 81 80 75 72 71 71 71 71 71 71 70 70 69 68 67 66 64 62 61 61 61 60 61 61 62 62 61 61 61 60 60 60 60 60 59 59 59 58 57 56 54 52 51 51 55 55 55 54 54 53 53 52 52 52 51 51 50 51 50 51 51 51 51 51 51 51 51 51 51 51 51 51 52 52 52 52 52 52 52 51 51 51 52 52 52 52
85 85 85 84 85 86 84 81 79 78 77 77 74 72 71 71 71 71 70 70 70 69 68 67 66 65 63 62 61 61 60 60 60 61 61 60 60 59 59 58 58 58 58 57 57 57 57 57 56 55 54 52 51 52 55 55 55 55 54 54 53 53 52 52 51 51 51 51 51 51 51 51 51 51 51 51 52 51 51 52 52 52 52 52 53 53 53 52 52 52 52 52 52 52 52 52
82 83 83 83 84 84 82 80 78 76 75 74 73 71 71 71 71 71 70 70 69 68 67 66 65 64 62 61 60 60 60 60 60 60 60 59 58 57 57 56 56 56 56 56 55 56 56 56 56 55 53 52 52 54 55 55 55 55 55 54 53 53 52 52 51 51 51 51 51 51 51 51 51 51 51 52 52 52 52 52 52 52 52 53 53 53 53 53 52 52 52 52 52 52 52 52
80 81 81 82 82 81 80 78 77 75 74 73 72 71 71 71 71 70 70 69 68 67 66 65 64 63 62 61 60 60 60 59 59 59 59 58 57 57 56 55 55 55 55 55 55 55 56 56 55 54 54 53 53 54 55 55 55 55 55 54 53 53 52 52 52 51 51 50 51 51 51 51 51 51 51 52 52 52 52 52 52 52 52 52 53 53 53 53 53 53 52 52 52 52 52 53
79 79 80 80 80 80 79 77 76 74 73 72 71 70 70 70 70 70 69 68 67 66 65 64 63 62 61 60 60 59 59 59 59 58 58 58 57 57 56 56 56 55 55 55 55 56 56 56 55 54 54 54 54 54 55 55 55 55 55 54 53 53 52 52 52 51 51 50 51 51 51 51 51 51 51 52 52 52 52 52 52 51 51 52 52 53 53 53 53 53 53 53 53 53 53 53
77 77 78 78 78 78 77 76 74 73 72 71 70 70 70 69 69 69 68 68 67 66 64 63 62 61 61 60 60 59 59 58 58 58 58 58 57 57 57 57 56 56 56 56 56 56 55 55 55 54 54 54 54 55 55 55 55 55 55 54 53 53 52 52 51 51 51 51 51 51 51 51 51 51 51 52 52 52 52 51 51 50 50 51 52 53 53 53 53 53 53 53 53 53 53 53
75 75 75 75 76 76 75 74 72 71 71 70 70 69 69 68 68 68 67 67 67 66 64 62 61 61 60 60 59 58 58 58 58 58 58 58 58 58 57 57 57 56 56 56 56 56 55 55 55 54 54 54 55 55 55 55 55 55 55 54 53 53 52 52 51 51 51 51 51 51 51 51 51 51 51 51 51 51 51 51 50 50 50 50 51 52 53 53 53 53 53 53 53 53 53 54
72 72 72 72 72 72 72 71 70 70 70 69 69 68 68 68 67 67 66 66 66 65 63 61 60 60 59 59 58 58 57 57 57 57 57 58 58 58 57 57 57 56 56 56 56 55 55 55 54 54 54 54 55 55 55 55 55 55 55 54 53 52 52 51 51 51 51 51 51 51 51 51 51 51 51 51 51 51 51 51 50 50 50 50 50 51 52 53 53 53 53 53 54 54 54 54
70 70 69 69 69 70 69 69 69 69 69 68 68 68 67 67 66 66 66 65 65 64 62 60 60 59 59 58 57 57 57 57 57 57 57 58 58 58 57 57 57 56 56 56 55 55 55 54 54 54 54 54 55 55 55 55 55 55 55 55 54 53 52 51 52 53 52 51 51 51 51 51 51 51 51 51 51 51 51 50 50 50 50 50 50 51 52 53 53 53 53 53 54 54 54 54
68 68 68 68 68 68 68 68 68 68 68 68 67 67 67 66 66 65 65 65 64 63 62 61 59 59 58 57 57 56 56 56 57 57 57 57 57 57 57 57 56 56 56 56 55 55 55 54 54 54 54 55 55 55 55 56 56 56 55 55 54 53 52 51 52 54 52 51 51 51 51 51 51 51 51 51 51 51 50 50 50 50 50 50 50 50 51 52 52 53 53 53 53 54 54 54
66 66 66 66 66 66 67 67 67 67 67 67 67 67 66 66 65 65 64 64 63 63 62 61 60 59 58 57 56 56 56 56 56 57 57 57 57 57 57 56 56 56 56 55 55 55 54 54 54 54 55 55 55 55 56 56 56 56 56 56 55 53 51 51 53 54 52 52 51 51 51 51 51 51 51 51 51 50 50 50 50 50 50 50 50 50 50 51 52 52 53 53 53 53 53 53
65 65 65 65 65 65 66 66 67 66 66 67 67 66 66 65 65 64 63 63 62 62 61 61 60 59 58 57 56 56 55 56 56 57 57 57 57 57 56 56 56 56 56 55 55 55 54 54 54 54 55 55 56 56 56 56 56 56 56 56 55 53 52 51 53 53 52 52 51 51 51 51 51 51 51 51 50 50 50 50 50 50 50 50 50 51 51 51 51 52 52 52 53 53 53 53
64 64 64 64 64 64 65 66 66 66 66 66 66 66 66 65 64 64 63 62 62 61 61 60 59 58 57 57 56 55 55 55 56 56 56 56 56 56 56 56 56 56 55 55 55 54 54 54 54 55 55 56 56 56 56 56 56 55 55 55 55 53 52 51 51 51 52 52 51 51 51 51 51 51 50 50 50 50 50 50 50 50 50 50 50 51 51 51 51 51 51 52 52 52 53 53
62 63 63 63 63 64 64 65 66 66 65 65 66 65 65 65 64 63 62 62 61 61 60 60 59 58 57 56 56 55 55 55 55 56 56 56 56 56 56 56 56 55 55 55 55 54 54 54 55 55 55 56 56 56 56 56 56 55 55 55 54 53 51 51 51 51 51 51 51 51 51 51 51 51 50 50 50 50 50 50 50 50 50 50 50 50 50 50 50 50 50 51 52 52 52 52
61 61 62 62 62 63 63 64 65 65 65 65 65 65 64 64 63 63 62 61 61 60 60 59 58 57 57 56 55 55 55 55 55 55 55 55 55 55 55 55 55 55 55 54 54 54 54 54 55 55 56 56 56 56 56 56 56 56 55 55 54 52 51 51 51 51 51 51 51 51 51 51 51 50 50 50 50 50 50 50 50 50 50 50 50 50 50 50 50 50 50 50 51 51 52 53
60 61 61 61 61 62 62 63 63 64 64 64 64 64 63 63 63 62 62 61 60 60 59 59 58 57 56 56 55 55 55 55 55 55 55 55 55 55 55 55 55 55 54 54 54 54 54 55 55 55 56 56 56 56 56 56 56 56 56 55 53 52 51 50 51 51 51 51 51 51 51 51 50 50 50 50 49 49 49 49 49 50 50 50 50 49 49 50 50 49 49 49 50 51 53 54
59 60 60 60 61 61 61 62 62 62 62 62 63 63 63 62 62 62 61 61 60 60 59 58 57 56 55 55 55 54 54 54 54 54 54 55 55 55 55 55 54 54 54 54 54 54 54 55 55 55 56 56 56 57 57 57 57 57 56 55 53 51 50 50 51 51 51 51 51 51 51 50 50 50 50 49 49 49 49 49 49 49 50 50 49 49 50 50 49 48 48 49 50 53 55 56
58 59 59 59 60 60 60 61 61 61 61 61 62 62 62 61 61 61 61 61 60 59 58 57 57 56 55 55 54 54 54 54 54 54 54 54 54 54 54 54 54 54 54 54 54 54 54 55 55 56 56 56 56 57 57 57 57 57 56 55 53 51 50 50 50 51 51 51 51 51 51 50 50 50 49 49 49 49 49 49 49 49 49 49 49 50 50 48 47 47 47 48 51 54 56 57
57 57 58 58 58 59 59 60 60 60 60 60 61 61 61 61 60 60 60 60 59 58 58 57 56 55 55 54 54 54 53 53 53 54 54 54 54 54 54 54 54 54 53 54 54 54 54 55 56 56 56 56 56 57 57 57 57 57 56 54 52 50 50 50 50 51 51 51 51 51 50 50 50 49 49 49 49 49 49 49 49 49 49 49 50 50 49 46 46 46 47 49 52 56 57 58
56 56 57 57 57 58 58 59 59 59 59 59 60 60 60 60 59 59 59 59 58 57 57 56 55 55 54 54 53 53 53 53 53 53 53 53 54 54 53 53 53 53 53 53 54 54 55 55 56 56 56 56 56 57 57 57 57 56 55 52 50 50 50 50 51 51 51 51 51 51 50 50 49 49 49 49 48 48 49 49 49 49 49 50 50 51 51 48 46 47 48 51 53 56 57 58
55 55 55 56 56 57 58 58 58 58 58 58 59 59 58 58 58 58 58 57 57 56 56 55 55 54 54 53 53 53 53 53 53 53 53 53 53 53 53 53 53 53 53 53 54 54 55 55 56 56 56 56 56 56 56 57 56 56 53 51 50 49 49 50 50 51 50 50 50 50 50 49 49 49 48 48 48 48 48 49 49 49 49 50 51 51 52 50 48 48 49 51 53 55 57 58
54 54 54 55 55 56 57 58 58 58 58 57 57 57 57 57 57 57 56 56 56 55 55 54 54 53 53 52 52 52 52 52 52 52 53 53 53 53 53 53 53 53 53 53 54 54 55 56 56 56 56 56 56 56 56 55 55 53 52 50 49 49 49 50 50 50 50 50 50 50 49 49 49 48 48 48 48 48 49 49 49 49 50 50 51 52 52 51 50 50 50 51 53 55 56 58
53 53 53 54 54 55 56 57 57 57 57 57 56 56 56 56 56 55 55 55 54 54 54 53 52 52 51 51 51 51 51 52 52 52 52 53 53 52 52 52 52 52 53 53 54 54 55 55 56 56 56 55 55 55 55 54 53 52 51 50 49 49 49 49 50 50 50 50 50 49 49 49 48 48 48 48 48 48 49 49 49 50 50 51 51 52 52 52 51 50 50 51 53 55 57 58
52 52 52 53 53 54 56 57 57 57 56 56 55 55 55 55 55 54 54 54 53 53 52 52 51 51 50 50 50 50 51 51 52 52 52 52 52 52 52 52 52 52 52 53 53 54 54 55 55 55 55 55 55 54 54 53 51 50 50 50 49 49 49 49 49 49 49 49 49 49 48 48 48 48 48 48 48 48 49 49 50 50 51 51 52 52 52 52 51 50 50 52 54 56 57 58
50 51 51 52 53 54 55 56 56 56 55 55 54 54 54 54 53 53 53 52 52 51 51 51 50 49 49 49 49 49 50 51 51 52 52 52 52 52 52 52 52 52 52 52 53 53 54 54 55 55 55 55 54 54 53 52 51 50 50 49 49 49 49 49 49 49 49 49 48 48 48 48 47 47 47 48 48 48 49 49 50 50 51 51 52 52 52 52 52 51 51 53 55 56 58 59
49 49 50 51 52 53 53 54 55 55 54 54 53 53 53 52 52 52 52 51 51 50 50 49 49 48 48 48 48 48 49 50 51 51 51 52 52 52 51 51 51 51 52 52 52 53 53 54 54 54 54 54 54 53 53 52 51 50 50 49 49 49 49 49 49 48 48 48 48 47 47 47 47 47 47 47 48 48 49 49 50 50 51 51 52 52 52 52 52 52 53 54 56 57 58 59
47 48 49 50 51 51 52 52 53 53 53 53 52 52 51 51 51 51 51 50 49 49 48 48 48 47 47 47 47 47 48 49 50 51 51 51 51 51 51 51 51 51 51 52 52 52 53 53 53 54 54 53 53 53 52 52 51 50 50 49 49 49 49 49 48 48 48 48 47 47 47 47 47 47 47 47 48 48 48 49 50 50 51 51 52 52 52 52 52 53 54 55 56 58 59 60
45 46 47 48 49 50 50 51 51 51 52 51 51 50 50 50 50 50 50 49 48 48 47 47 47 46 46 46 46 46 47 48 49 50 51 51 51 51 51 51 50 50 51 51 52 52 52 53 53 53 53 53 53 52 52 51 50 50 50 49 49 49 49 48 48 48 48 47 47 46 46 46 46 47 47 47 47 48 48 49 49 50 50 51 52 52 52 52 53 54 54 56 57 58 59 60
44 45 46 47 48 48 49 49 49 49 49 49 48 49 49 49 49 49 49 48 47 47 46 46 46 46 45 45 45 45 46 47 48 50 51 51 51 51 51 50 50 50 50 51 51 51 52 52 52 52 52 52 52 52 51 51 50 50 49 49 49 49 48 48 48 48 47 47 46 46 46 46 46 46 47 47 47 47 48 48 49 49 50 51 51 52 52 53 53 54 55 56 57 59 60 60
43 44 45 46 47 47 47 47 47 47 46 46 46 47 48 48 48 48 48 47 47 46 45 45 45 45 45 45 44 45 45 46 47 49 50 50 50 50 50 50 50 50 50 50 51 51 51 51 51 51 51 52 52 51 51 50 50 50 49 49 49 48 48 48 48 47 47 47 46 45 45 46 46 46 46 47 47 47 47 48 48 49 50 51 51 52 53 53 54 54 55 56 58 59 60 61
42 43 44 45 45 45 46 46 46 45 45 44 44 46 47 47 48 48 47 47 46 45 44 44 44 44 44 44 44 44 44 45 46 47 48 49 50 50 50 49 49 49 49 50 50 50 51 51 51 51 51 51 51 51 51 50 50 49 49 49 48 48 48 48 47 47 47 46 46 45 45 45 46 46 46 46 46 46 47 47 48 48 49 50 51 52 53 54 54 55 56 57 59 60 61 61
41 42 43 43 44 44 44 44 44 44 43 43 43 44 45 47 47 47 46 45 44 43 43 43 43 43 43 43 43 43 44 44 45 46 47 48 49 49 49 49 49 49 49 49 49 50 50 50 50 50 50 50 50 51 50 50 49 49 49 48 48 48 48 47 47 47 47 46 46 45 45 45 45 46 46 46 46 46 46 47 47 48 48 50 52 53 53 54 55 55 57 58 59 60 61 62
40 41 41 42 42 43 43 43 42 42 42 42 42 43 44 45 46 46 44 42 41 41 41 41 42 42 42 42 42 42 43 43 44 45 46 47 48 48 48 48 48 48 48 49 49 49 49 49 49 49 49 49 49 50 49 49 49 48 48 48 48 48 47 47 47 47 46 46 46 45 44 44 44 45 46 46 46 46 46 46 46 46 47 49 52 53 54 54 55 56 57 59 60 61 61 62
38 39 40 40 41 41 41 41 41 41 41 41 41 42 42 43 43 43 41 40 39 39 40 40 40 41 41 41 41 42 42 43 43 44 45 46 47 47 47 47 47 48 48 48 48 48 48 48 48 48 48 48 48 48 48 48 48 48 48 48 47 47 47 47 47 46 46 46 45 44 43 43 43 44 45 46 46 46 46 45 45 45 46 49 51 53 54 54 55 56 57 59 60 61 61 62
37 38 38 39 39 40 40 40 40 40 40 40 40 40 41 41 40 40 39 38 38 38 38 39 39 40 40 40 41 41 42 43 43 44 45 45 46 46 46 46 47 47 47 48 48 48 48 48 48 47 47 47 47 46 46 47 47 47 47 47 47 47 47 47 46 46 46 45 44 44 43 42 42 43 45 45 46 46 46 46 45 45 46 48 51 52 53 54 55 55 56 58 59 60 61 62
36 36 37 37 38 39 39 39 39 39 39 39 39 39 39 39 38 38 37 37 37 37 38 38 38 39 39 39 40 41 42 42 43 43 44 44 45 45 45 46 46 47 47 47 47 47 47 47 47 47 47 47 46 46 46 46 47 47 47 47 47 46 46 46 46 46 45 45 44 43 42 42 42 43 44 45 46 46 46 46 46 46 46 48 51 52 53 54 54 55 56 57 58 59 60 61
35 35 35 36 37 37 38 38 38 38 38 38 39 38 38 38 37 37 37 37 37 37 37 37 37 38 38 39 40 40 41 42 42 42 43 43 43 44 45 45 46 47 47 47 47 47 47 46 46 46 46 46 46 46 46 46 46 47 47 46 46 46 46 46 46 46 45 45 44 43 42 42 42 42 43 44 45 46 46 46 46 47 47 49 51 52 53 54 54 55 55 56 57 58 59 61
34 34 34 35 35 36 37 37 37 37 37 38 38 38 38 37 37 37 36 36 36 36 36 36 36 37 37 38 39 40 40 41 41 41 42 42 42 43 44 45 46 46 47 46 46 46 46 46 46 45 45 45 46 46 46 46 46 46 46 46 46 46 45 46 45 45 45 44 44 43 42 42 42 42 43 43 45 46 47 47 47 48 49 50 51 52 53 54 54 55 55 56 57 58 59 60
34 34 34 34 34 35 36 36 36 36 37 37 37 37 37 37 37 37 36 36 36 36 36 35 36 36 36 37 37 38 39 39 40 40 41 41 41 42 43 44 46 46 46 46 46 45 45 45 45 45 45 45 45 45 46 46 46 46 46 46 45 45 45 45 45 45 44 44 44 43 43 42 42 42 42 43 43 45 47 48 48 49 49 50 51 52 53 53 54 54 55 56 57 57 58 59
34 34 34 34 34 34 35 35 35 35 36 36 37 37 37 37 36 36 36 36 36 36 35 35 35 35 35 36 36 36 37 38 39 39 40 40 40 41 42 44 45 45 46 45 45 45 45 45 45 44 44 44 45 45 45 45 45 46 46 45 45 45 45 45 44 44 44 44 43 43 43 43 42 42 42 43 43 43 45 47 48 49 49 50 51 52 53 53 54 54 55 56 56 57 57 58
34 34 34 34 34 34 34 34 34 35 36 36 36 36 36 36 36 36 36 36 36 35 35 35 35 34 35 35 35 35 36 37 38 39 39 39 40 40 41 43 44 44 45 44 44 44 44 44 44 44 44 44 44 44 44 44 45 45 45 45 45 45 44 44 44 44 43 43 43 43 43 43 43 43 43 42 42 41 43 46 48 48 49 50 51 51 52 53 53 54 55 55 56 56 57 57
34 34 34 34 34 34 34 34 34 35 35 35 35 35 36 36 36 36 36 36 36 35 35 35 34 34 34 34 35 35 36 37 37 38 38 39 39 40 41 42 42 43 43 43 43 43 43 43 43 43 43 43 43 43 43 43 44 44 44 44 44 44 44 44 43 43 43 43 43 43 43 43 43 43 42 42 41 41 42 44 46 47 48 49 50 50 51 52 53 54 54 55 55 55 56 57
34 34 34 34 33 33 34 34 34 34 34 35 35 35 35 35 35 35 35 35 35 35 35 35 34 34 34 34 35 35 36 36 37 37 38 38 39 40 40 41 41 42 42 42 42 42 42 42 42 42 42 42 42 42 42 42 43 43 43 44 44 44 43 43 43 43 43 42 42 42 42 42 42 42 42 42 42 41 42 43 45 45 46 47 48 49 50 51 52 53 54 54 55 55 55 56
34 34 34 34 33 33 34 34 34 34 34 34 34 34 34 35 35 35 35 35 35 35 35 35 34 34 34 34 35 35 35 36 36 37 37 38 38 39 39 40 40 40 41 41 41 41 41 41 41 41 42 42 42 42 41 41 42 42 42 43 43 43 43 43 43 42 42 42 42 42 42 42 42 42 42 42 42 42 42 43 43 42 41 43 46 47 48 50 52 52 53 53 54 54 55 56
33 33 33 33 34 34 34 34 34 34 34 34 34 34 34 34 34 35 35 35 35 35 35 35 35 35 35 35 35 35 35 35 36 36 36 37 37 38 38 39 39 39 40 40 40 40 40 40 40 41 41 41 41 41 41 41 41 41 42 42 42 42 42 42 42 42 42 42 41 41 41 41 41 41 41 42 42 42 42 42 41 39 38 39 41 44 47 49 51 52 52 53 53 54 55 55
33 33 33 33 34 34 34 34 34 34 34 34 34 34 34 34 34 34 34 35 35 35 35 35 35 35 35 35 35 35 35 35 35 35 36 36 36 37 37 38 38 39 39 40 40 40 40 40 40 40 41 41 41 40 40 40 40 40 41 41 42 42 42 42 42 42 42 41 41 41 40 41 41 41 41 41 42 42 42 41 40 39 37 37 37 39 45 49 50 51 52 52 53 53 54 55
